2025/05/28-14:44:09.155113 7f6a638ec700 RocksDB version: 6.15.2
2025/05/28-14:44:09.155739 7f6a638ec700 Git sha rocksdb_build_git_sha:@0@
2025/05/28-14:44:09.155743 7f6a638ec700 Compile date Sep 29 2022
2025/05/28-14:44:09.155967 7f6a638ec700 DB SUMMARY
2025/05/28-14:44:09.155969 7f6a638ec700 DB Session ID:  DQ3NOGHWHPWPDK7HR7JO
2025/05/28-14:44:09.158466 7f6a638ec700 CURRENT file:  CURRENT
2025/05/28-14:44:09.158469 7f6a638ec700 IDENTITY file:  IDENTITY
2025/05/28-14:44:09.159135 7f6a638ec700 MANIFEST file:  MANIFEST-000021 size: 297 Bytes
2025/05/28-14:44:09.159141 7f6a638ec700 SST files in /var/lib/milvus/rdb_data_meta_kv dir, Total Num: 3, files: 000008.sst 000014.sst 000020.sst 
2025/05/28-14:44:09.159143 7f6a638ec700 Write Ahead Log file in /var/lib/milvus/rdb_data_meta_kv: 000022.log size: 36 ; 
2025/05/28-14:44:09.159145 7f6a638ec700                         Options.error_if_exists: 0
2025/05/28-14:44:09.159186 7f6a638ec700                       Options.create_if_missing: 1
2025/05/28-14:44:09.159187 7f6a638ec700                         Options.paranoid_checks: 1
2025/05/28-14:44:09.159188 7f6a638ec700                               Options.track_and_verify_wals_in_manifest: 0
2025/05/28-14:44:09.159189 7f6a638ec700                                     Options.env: 0x5ae4780
2025/05/28-14:44:09.159191 7f6a638ec700                                      Options.fs: Posix File System
2025/05/28-14:44:09.159192 7f6a638ec700                                Options.info_log: 0x7f6a54009d60
2025/05/28-14:44:09.159193 7f6a638ec700                Options.max_file_opening_threads: 16
2025/05/28-14:44:09.159194 7f6a638ec700                              Options.statistics: (nil)
2025/05/28-14:44:09.159195 7f6a638ec700                               Options.use_fsync: 0
2025/05/28-14:44:09.159196 7f6a638ec700                       Options.max_log_file_size: 0
2025/05/28-14:44:09.159197 7f6a638ec700                  Options.max_manifest_file_size: 1073741824
2025/05/28-14:44:09.159198 7f6a638ec700                   Options.log_file_time_to_roll: 0
2025/05/28-14:44:09.159199 7f6a638ec700                       Options.keep_log_file_num: 1000
2025/05/28-14:44:09.159200 7f6a638ec700                    Options.recycle_log_file_num: 0
2025/05/28-14:44:09.159201 7f6a638ec700                         Options.allow_fallocate: 1
2025/05/28-14:44:09.159202 7f6a638ec700                        Options.allow_mmap_reads: 0
2025/05/28-14:44:09.159203 7f6a638ec700                       Options.allow_mmap_writes: 0
2025/05/28-14:44:09.159203 7f6a638ec700                        Options.use_direct_reads: 0
2025/05/28-14:44:09.159204 7f6a638ec700                        Options.use_direct_io_for_flush_and_compaction: 0
2025/05/28-14:44:09.159205 7f6a638ec700          Options.create_missing_column_families: 0
2025/05/28-14:44:09.159206 7f6a638ec700                              Options.db_log_dir: 
2025/05/28-14:44:09.159207 7f6a638ec700                                 Options.wal_dir: /var/lib/milvus/rdb_data_meta_kv
2025/05/28-14:44:09.159208 7f6a638ec700                Options.table_cache_numshardbits: 6
2025/05/28-14:44:09.159209 7f6a638ec700                         Options.WAL_ttl_seconds: 0
2025/05/28-14:44:09.159210 7f6a638ec700                       Options.WAL_size_limit_MB: 0
2025/05/28-14:44:09.159211 7f6a638ec700                        Options.max_write_batch_group_size_bytes: 1048576
2025/05/28-14:44:09.159212 7f6a638ec700             Options.manifest_preallocation_size: 4194304
2025/05/28-14:44:09.159213 7f6a638ec700                     Options.is_fd_close_on_exec: 1
2025/05/28-14:44:09.159214 7f6a638ec700                   Options.advise_random_on_open: 1
2025/05/28-14:44:09.159215 7f6a638ec700                    Options.db_write_buffer_size: 0
2025/05/28-14:44:09.159216 7f6a638ec700                    Options.write_buffer_manager: 0x7f6a54009f40
2025/05/28-14:44:09.159217 7f6a638ec700         Options.access_hint_on_compaction_start: 1
2025/05/28-14:44:09.159218 7f6a638ec700  Options.new_table_reader_for_compaction_inputs: 0
2025/05/28-14:44:09.159219 7f6a638ec700           Options.random_access_max_buffer_size: 1048576
2025/05/28-14:44:09.159646 7f6a638ec700                      Options.use_adaptive_mutex: 0
2025/05/28-14:44:09.159649 7f6a638ec700                            Options.rate_limiter: (nil)
2025/05/28-14:44:09.159651 7f6a638ec700     Options.sst_file_manager.rate_bytes_per_sec: 0
2025/05/28-14:44:09.159652 7f6a638ec700                       Options.wal_recovery_mode: 2
2025/05/28-14:44:09.159653 7f6a638ec700                  Options.enable_thread_tracking: 0
2025/05/28-14:44:09.159654 7f6a638ec700                  Options.enable_pipelined_write: 0
2025/05/28-14:44:09.159654 7f6a638ec700                  Options.unordered_write: 0
2025/05/28-14:44:09.159655 7f6a638ec700         Options.allow_concurrent_memtable_write: 1
2025/05/28-14:44:09.159656 7f6a638ec700      Options.enable_write_thread_adaptive_yield: 1
2025/05/28-14:44:09.159657 7f6a638ec700             Options.write_thread_max_yield_usec: 100
2025/05/28-14:44:09.159658 7f6a638ec700            Options.write_thread_slow_yield_usec: 3
2025/05/28-14:44:09.159659 7f6a638ec700                               Options.row_cache: None
2025/05/28-14:44:09.159660 7f6a638ec700                              Options.wal_filter: None
2025/05/28-14:44:09.159685 7f6a638ec700             Options.avoid_flush_during_recovery: 0
2025/05/28-14:44:09.159687 7f6a638ec700             Options.allow_ingest_behind: 0
2025/05/28-14:44:09.159688 7f6a638ec700             Options.preserve_deletes: 0
2025/05/28-14:44:09.159689 7f6a638ec700             Options.two_write_queues: 0
2025/05/28-14:44:09.159690 7f6a638ec700             Options.manual_wal_flush: 0
2025/05/28-14:44:09.159691 7f6a638ec700             Options.atomic_flush: 0
2025/05/28-14:44:09.159692 7f6a638ec700             Options.avoid_unnecessary_blocking_io: 0
2025/05/28-14:44:09.159693 7f6a638ec700                 Options.persist_stats_to_disk: 0
2025/05/28-14:44:09.159694 7f6a638ec700                 Options.write_dbid_to_manifest: 0
2025/05/28-14:44:09.159695 7f6a638ec700                 Options.log_readahead_size: 0
2025/05/28-14:44:09.159696 7f6a638ec700                 Options.file_checksum_gen_factory: Unknown
2025/05/28-14:44:09.159697 7f6a638ec700                 Options.best_efforts_recovery: 0
2025/05/28-14:44:09.159698 7f6a638ec700                Options.max_bgerror_resume_count: 2147483647
2025/05/28-14:44:09.159699 7f6a638ec700            Options.bgerror_resume_retry_interval: 1000000
2025/05/28-14:44:09.159700 7f6a638ec700             Options.allow_data_in_errors: 0
2025/05/28-14:44:09.159701 7f6a638ec700             Options.db_host_id: __hostname__
2025/05/28-14:44:09.159702 7f6a638ec700             Options.max_background_jobs: 2
2025/05/28-14:44:09.159703 7f6a638ec700             Options.max_background_compactions: -1
2025/05/28-14:44:09.159703 7f6a638ec700             Options.max_subcompactions: 1
2025/05/28-14:44:09.159704 7f6a638ec700             Options.avoid_flush_during_shutdown: 0
2025/05/28-14:44:09.159705 7f6a638ec700           Options.writable_file_max_buffer_size: 1048576
2025/05/28-14:44:09.159706 7f6a638ec700             Options.delayed_write_rate : 16777216
2025/05/28-14:44:09.159707 7f6a638ec700             Options.max_total_wal_size: 0
2025/05/28-14:44:09.159708 7f6a638ec700             Options.delete_obsolete_files_period_micros: 21600000000
2025/05/28-14:44:09.159709 7f6a638ec700                   Options.stats_dump_period_sec: 600
2025/05/28-14:44:09.159710 7f6a638ec700                 Options.stats_persist_period_sec: 600
2025/05/28-14:44:09.159711 7f6a638ec700                 Options.stats_history_buffer_size: 1048576
2025/05/28-14:44:09.159712 7f6a638ec700                          Options.max_open_files: -1
2025/05/28-14:44:09.159713 7f6a638ec700                          Options.bytes_per_sync: 0
2025/05/28-14:44:09.159714 7f6a638ec700                      Options.wal_bytes_per_sync: 0
2025/05/28-14:44:09.159715 7f6a638ec700                   Options.strict_bytes_per_sync: 0
2025/05/28-14:44:09.159716 7f6a638ec700       Options.compaction_readahead_size: 0
2025/05/28-14:44:09.159717 7f6a638ec700                  Options.max_background_flushes: 1
2025/05/28-14:44:09.159958 7f6a638ec700 Compression algorithms supported:
2025/05/28-14:44:09.159961 7f6a638ec700 	kZSTDNotFinalCompression supported: 0
2025/05/28-14:44:09.159962 7f6a638ec700 	kZSTD supported: 0
2025/05/28-14:44:09.159963 7f6a638ec700 	kXpressCompression supported: 0
2025/05/28-14:44:09.159964 7f6a638ec700 	kLZ4HCCompression supported: 0
2025/05/28-14:44:09.159966 7f6a638ec700 	kLZ4Compression supported: 0
2025/05/28-14:44:09.159967 7f6a638ec700 	kBZip2Compression supported: 0
2025/05/28-14:44:09.159968 7f6a638ec700 	kZlibCompression supported: 0
2025/05/28-14:44:09.159969 7f6a638ec700 	kSnappyCompression supported: 0
2025/05/28-14:44:09.159973 7f6a638ec700 Fast CRC32 supported: Supported on x86
2025/05/28-14:44:09.166355 7f6a638ec700 [db/version_set.cc:4725] Recovering from manifest file: /var/lib/milvus/rdb_data_meta_kv/MANIFEST-000021
2025/05/28-14:44:09.169397 7f6a638ec700 [db/column_family.cc:597] --------------- Options for column family [default]:
2025/05/28-14:44:09.169410 7f6a638ec700               Options.comparator: leveldb.BytewiseComparator
2025/05/28-14:44:09.169413 7f6a638ec700           Options.merge_operator: None
2025/05/28-14:44:09.169416 7f6a638ec700        Options.compaction_filter: None
2025/05/28-14:44:09.169418 7f6a638ec700        Options.compaction_filter_factory: None
2025/05/28-14:44:09.169420 7f6a638ec700  Options.sst_partitioner_factory: None
2025/05/28-14:44:09.169423 7f6a638ec700         Options.memtable_factory: SkipListFactory
2025/05/28-14:44:09.169426 7f6a638ec700            Options.table_factory: BlockBasedTable
2025/05/28-14:44:09.169472 7f6a638ec700            table_factory options:   flush_block_policy_factory: FlushBlockBySizePolicyFactory (0x7f6a5400abd0)
  cache_index_and_filter_blocks: 0
  cache_index_and_filter_blocks_with_high_priority: 1
  pin_l0_filter_and_index_blocks_in_cache: 0
  pin_top_level_index_and_filter: 1
  index_type: 0
  data_block_index_type: 0
  index_shortening: 1
  data_block_hash_table_util_ratio: 0.750000
  hash_index_allow_collision: 1
  checksum: 1
  no_block_cache: 0
  block_cache: 0x7f6a54000ef0
  block_cache_name: LRUCache
  block_cache_options:
    capacity : 536870912
    num_shard_bits : 6
    strict_capacity_limit : 0
    memory_allocator : None
    high_pri_pool_ratio: 0.500
  block_cache_compressed: (nil)
  persistent_cache: (nil)
  block_size: 4096
  block_size_deviation: 10
  block_restart_interval: 16
  index_block_restart_interval: 1
  metadata_block_size: 4096
  partition_filters: 0
  use_delta_encoding: 1
  filter_policy: nullptr
  whole_key_filtering: 1
  verify_compression: 0
  read_amp_bytes_per_bit: 0
  format_version: 4
  enable_index_compression: 1
  block_align: 0
2025/05/28-14:44:09.169476 7f6a638ec700        Options.write_buffer_size: 67108864
2025/05/28-14:44:09.169478 7f6a638ec700  Options.max_write_buffer_number: 2
2025/05/28-14:44:09.169513 7f6a638ec700          Options.compression: NoCompression
2025/05/28-14:44:09.169547 7f6a638ec700                  Options.bottommost_compression: Disabled
2025/05/28-14:44:09.169550 7f6a638ec700       Options.prefix_extractor: nullptr
2025/05/28-14:44:09.169551 7f6a638ec700   Options.memtable_insert_with_hint_prefix_extractor: nullptr
2025/05/28-14:44:09.169551 7f6a638ec700             Options.num_levels: 7
2025/05/28-14:44:09.169552 7f6a638ec700        Options.min_write_buffer_number_to_merge: 1
2025/05/28-14:44:09.169553 7f6a638ec700     Options.max_write_buffer_number_to_maintain: 0
2025/05/28-14:44:09.169554 7f6a638ec700     Options.max_write_buffer_size_to_maintain: 0
2025/05/28-14:44:09.169555 7f6a638ec700            Options.bottommost_compression_opts.window_bits: -14
2025/05/28-14:44:09.169556 7f6a638ec700                  Options.bottommost_compression_opts.level: 32767
2025/05/28-14:44:09.169557 7f6a638ec700               Options.bottommost_compression_opts.strategy: 0
2025/05/28-14:44:09.169558 7f6a638ec700         Options.bottommost_compression_opts.max_dict_bytes: 0
2025/05/28-14:44:09.169559 7f6a638ec700         Options.bottommost_compression_opts.zstd_max_train_bytes: 0
2025/05/28-14:44:09.169995 7f6a638ec700         Options.bottommost_compression_opts.parallel_threads: 1
2025/05/28-14:44:09.169998 7f6a638ec700                  Options.bottommost_compression_opts.enabled: false
2025/05/28-14:44:09.170000 7f6a638ec700            Options.compression_opts.window_bits: -14
2025/05/28-14:44:09.170001 7f6a638ec700                  Options.compression_opts.level: 32767
2025/05/28-14:44:09.170002 7f6a638ec700               Options.compression_opts.strategy: 0
2025/05/28-14:44:09.170003 7f6a638ec700         Options.compression_opts.max_dict_bytes: 0
2025/05/28-14:44:09.170004 7f6a638ec700         Options.compression_opts.zstd_max_train_bytes: 0
2025/05/28-14:44:09.170005 7f6a638ec700         Options.compression_opts.parallel_threads: 1
2025/05/28-14:44:09.170006 7f6a638ec700                  Options.compression_opts.enabled: false
2025/05/28-14:44:09.170007 7f6a638ec700      Options.level0_file_num_compaction_trigger: 4
2025/05/28-14:44:09.170008 7f6a638ec700          Options.level0_slowdown_writes_trigger: 20
2025/05/28-14:44:09.170009 7f6a638ec700              Options.level0_stop_writes_trigger: 36
2025/05/28-14:44:09.170010 7f6a638ec700                   Options.target_file_size_base: 67108864
2025/05/28-14:44:09.170011 7f6a638ec700             Options.target_file_size_multiplier: 1
2025/05/28-14:44:09.170012 7f6a638ec700                Options.max_bytes_for_level_base: 268435456
2025/05/28-14:44:09.170013 7f6a638ec700 Options.level_compaction_dynamic_level_bytes: 0
2025/05/28-14:44:09.170014 7f6a638ec700          Options.max_bytes_for_level_multiplier: 10.000000
2025/05/28-14:44:09.170016 7f6a638ec700 Options.max_bytes_for_level_multiplier_addtl[0]: 1
2025/05/28-14:44:09.170018 7f6a638ec700 Options.max_bytes_for_level_multiplier_addtl[1]: 1
2025/05/28-14:44:09.170019 7f6a638ec700 Options.max_bytes_for_level_multiplier_addtl[2]: 1
2025/05/28-14:44:09.170020 7f6a638ec700 Options.max_bytes_for_level_multiplier_addtl[3]: 1
2025/05/28-14:44:09.170021 7f6a638ec700 Options.max_bytes_for_level_multiplier_addtl[4]: 1
2025/05/28-14:44:09.170022 7f6a638ec700 Options.max_bytes_for_level_multiplier_addtl[5]: 1
2025/05/28-14:44:09.170023 7f6a638ec700 Options.max_bytes_for_level_multiplier_addtl[6]: 1
2025/05/28-14:44:09.170024 7f6a638ec700       Options.max_sequential_skip_in_iterations: 8
2025/05/28-14:44:09.170024 7f6a638ec700                    Options.max_compaction_bytes: 1677721600
2025/05/28-14:44:09.170025 7f6a638ec700                        Options.arena_block_size: 8388608
2025/05/28-14:44:09.170026 7f6a638ec700   Options.soft_pending_compaction_bytes_limit: 68719476736
2025/05/28-14:44:09.170027 7f6a638ec700   Options.hard_pending_compaction_bytes_limit: 274877906944
2025/05/28-14:44:09.170028 7f6a638ec700       Options.rate_limit_delay_max_milliseconds: 100
2025/05/28-14:44:09.170029 7f6a638ec700                Options.disable_auto_compactions: 0
2025/05/28-14:44:09.170032 7f6a638ec700                        Options.compaction_style: kCompactionStyleLevel
2025/05/28-14:44:09.170033 7f6a638ec700                          Options.compaction_pri: kMinOverlappingRatio
2025/05/28-14:44:09.170034 7f6a638ec700 Options.compaction_options_universal.size_ratio: 1
2025/05/28-14:44:09.170035 7f6a638ec700 Options.compaction_options_universal.min_merge_width: 2
2025/05/28-14:44:09.170036 7f6a638ec700 Options.compaction_options_universal.max_merge_width: 4294967295
2025/05/28-14:44:09.170037 7f6a638ec700 Options.compaction_options_universal.max_size_amplification_percent: 200
2025/05/28-14:44:09.170038 7f6a638ec700 Options.compaction_options_universal.compression_size_percent: -1
2025/05/28-14:44:09.170039 7f6a638ec700 Options.compaction_options_universal.stop_style: kCompactionStopStyleTotalSize
2025/05/28-14:44:09.170040 7f6a638ec700 Options.compaction_options_fifo.max_table_files_size: 1073741824
2025/05/28-14:44:09.170041 7f6a638ec700 Options.compaction_options_fifo.allow_compaction: 0
2025/05/28-14:44:09.170047 7f6a638ec700                   Options.table_properties_collectors: 
2025/05/28-14:44:09.170467 7f6a638ec700                   Options.inplace_update_support: 0
2025/05/28-14:44:09.170471 7f6a638ec700                 Options.inplace_update_num_locks: 10000
2025/05/28-14:44:09.170472 7f6a638ec700               Options.memtable_prefix_bloom_size_ratio: 0.000000
2025/05/28-14:44:09.170474 7f6a638ec700               Options.memtable_whole_key_filtering: 0
2025/05/28-14:44:09.170475 7f6a638ec700   Options.memtable_huge_page_size: 0
2025/05/28-14:44:09.170477 7f6a638ec700                           Options.bloom_locality: 0
2025/05/28-14:44:09.170478 7f6a638ec700                    Options.max_successive_merges: 0
2025/05/28-14:44:09.170479 7f6a638ec700                Options.optimize_filters_for_hits: 0
2025/05/28-14:44:09.170479 7f6a638ec700                Options.paranoid_file_checks: 0
2025/05/28-14:44:09.170480 7f6a638ec700                Options.force_consistency_checks: 1
2025/05/28-14:44:09.170481 7f6a638ec700                Options.report_bg_io_stats: 0
2025/05/28-14:44:09.170482 7f6a638ec700                               Options.ttl: 2592000
2025/05/28-14:44:09.170483 7f6a638ec700          Options.periodic_compaction_seconds: 0
2025/05/28-14:44:09.170484 7f6a638ec700                    Options.enable_blob_files: false
2025/05/28-14:44:09.170485 7f6a638ec700                        Options.min_blob_size: 0
2025/05/28-14:44:09.170486 7f6a638ec700                       Options.blob_file_size: 268435456
2025/05/28-14:44:09.170487 7f6a638ec700                Options.blob_compression_type: NoCompression
2025/05/28-14:44:09.170488 7f6a638ec700       Options.enable_blob_garbage_collection: false
2025/05/28-14:44:09.170489 7f6a638ec700   Options.blob_garbage_collection_age_cutoff: 0.250000
2025/05/28-14:44:09.184112 7f6a638ec700 [db/version_set.cc:4773] Recovered from manifest file:/var/lib/milvus/rdb_data_meta_kv/MANIFEST-000021 succeeded,manifest_file_number is 21, next_file_number is 23, last_sequence is 515, log_number is 17,prev_log_number is 0,max_column_family is 0,min_log_number_to_keep is 0
2025/05/28-14:44:09.184123 7f6a638ec700 [db/version_set.cc:4782] Column family [default] (ID 0), log number is 17
2025/05/28-14:44:09.193937 7f6a638ec700 [db/version_set.cc:4083] Creating manifest 25
2025/05/28-14:44:09.218574 7f6a638ec700 EVENT_LOG_v1 {"time_micros": 1748443449218170, "job": 1, "event": "recovery_started", "wal_files": [22]}
2025/05/28-14:44:09.218615 7f6a638ec700 [db/db_impl/db_impl_open.cc:847] Recovering log #22 mode 2
2025/05/28-14:44:09.235630 7f6a638ec700 EVENT_LOG_v1 {"time_micros": 1748443449235526, "cf_name": "default", "job": 1, "event": "table_file_creation", "file_number": 26, "file_size": 909, "file_checksum": "", "file_checksum_func_name": "Unknown", "table_properties": {"data_size": 38, "index_size": 23, "index_partitions": 0, "top_level_index_size": 0, "index_key_is_user_key": 1, "index_value_is_delta_encoded": 1, "filter_size": 0, "raw_key_size": 14, "raw_average_key_size": 14, "raw_value_size": 8, "raw_average_value_size": 8, "num_data_blocks": 1, "num_entries": 1, "num_deletions": 0, "num_merge_operands": 0, "num_range_deletions": 0, "format_version": 0, "fixed_key_len": 0, "filter_policy": "", "column_family_name": "default", "column_family_id": 0, "comparator": "leveldb.BytewiseComparator", "merge_operator": "nullptr", "prefix_extractor_name": "nullptr", "property_collectors": "[]", "compression": "NoCompression", "compression_options": "window_bits=-14; level=32767; strategy=0; max_dict_bytes=0; zstd_max_train_bytes=0; enabled=0; ", "creation_time": 1748443449, "oldest_key_time": 0, "file_creation_time": 0, "db_id": "070a0705-b582-4749-876b-4dfa821249a1", "db_session_id": "DQ3NOGHWHPWPDK7HR7JO"}}
2025/05/28-14:44:09.236135 7f6a638ec700 [db/version_set.cc:4083] Creating manifest 27
2025/05/28-14:44:09.255944 7f6a638ec700 EVENT_LOG_v1 {"time_micros": 1748443449255940, "job": 1, "event": "recovery_finished"}
2025/05/28-14:44:09.266739 7f6a638ec700 [file/delete_scheduler.cc:73] Deleted file /var/lib/milvus/rdb_data_meta_kv/000022.log immediately, rate_bytes_per_sec 0, total_trash_size 0 max_trash_db_ratio 0.250000
2025/05/28-14:44:09.289327 7f6a638ec700 [db/db_impl/db_impl_open.cc:1701] SstFileManager instance 0x7f6a5400b0a0
2025/05/28-14:44:09.292085 7f6a638ec700 DB pointer 0x7f6a5400bd10
2025/05/28-14:44:09.293694 7f6a413ce700 [db/compaction/compaction_job.cc:1884] [default] [JOB 3] Compacting 4@0 files to L1, score 1.00
2025/05/28-14:44:09.293742 7f6a413ce700 [db/compaction/compaction_job.cc:1888] [default] Compaction start summary: Base version 3 Base level 0, inputs: [26(909B) 20(909B) 14(909B) 8(11KB)]
2025/05/28-14:44:09.294012 7f6a0bfff700 [db/db_impl/db_impl.cc:902] ------- DUMPING STATS -------
2025/05/28-14:44:09.294030 7f6a0bfff700 [db/db_impl/db_impl.cc:903] 
** DB Stats **
Uptime(secs): 0.1 total, 0.1 interval
Cumulative writes: 0 writes, 0 keys, 0 commit groups, 0.0 writes per commit group, ingest: 0.00 GB, 0.00 MB/s
Cumulative WAL: 0 writes, 0 syncs, 0.00 writes per sync, written: 0.00 GB, 0.00 MB/s
Cumulative stall: 00:00:0.000 H:M:S, 0.0 percent
Interval writes: 0 writes, 0 keys, 0 commit groups, 0.0 writes per commit group, ingest: 0.00 MB, 0.00 MB/s
Interval WAL: 0 writes, 0 syncs, 0.00 writes per sync, written: 0.00 MB, 0.00 MB/s
Interval stall: 00:00:0.000 H:M:S, 0.0 percent

** Compaction Stats [default] **
Level    Files   Size     Score Read(GB)  Rn(GB) Rnp1(GB) Write(GB) Wnew(GB) Moved(GB) W-Amp Rd(MB/s) Wr(MB/s) Comp(sec) CompMergeCPU(sec) Comp(cnt) Avg(sec) KeyIn KeyDrop
----------------------------------------------------------------------------------------------------------------------------------------------------------------------------
  L0      4/4   13.67 KB   0.0      0.0     0.0      0.0       0.0      0.0       0.0   1.0      0.0      0.1      0.01              0.00         1    0.012       0      0
 Sum      4/4   13.67 KB   0.0      0.0     0.0      0.0       0.0      0.0       0.0   1.0      0.0      0.1      0.01              0.00         1    0.012       0      0
 Int      0/0    0.00 KB   0.0      0.0     0.0      0.0       0.0      0.0       0.0   1.0      0.0      0.1      0.01              0.00         1    0.012       0      0

** Compaction Stats [default] **
Priority    Files   Size     Score Read(GB)  Rn(GB) Rnp1(GB) Write(GB) Wnew(GB) Moved(GB) W-Amp Rd(MB/s) Wr(MB/s) Comp(sec) CompMergeCPU(sec) Comp(cnt) Avg(sec) KeyIn KeyDrop
-------------------------------------------------------------------------------------------------------------------------------------------------------------------------------
User      0/0    0.00 KB   0.0      0.0     0.0      0.0       0.0      0.0       0.0   0.0      0.0      0.1      0.01              0.00         1    0.012       0      0
Uptime(secs): 0.1 total, 0.1 interval
Flush(GB): cumulative 0.000, interval 0.000
AddFile(GB): cumulative 0.000, interval 0.000
AddFile(Total Files): cumulative 0, interval 0
AddFile(L0 Files): cumulative 0, interval 0
AddFile(Keys): cumulative 0, interval 0
Cumulative compaction: 0.00 GB write, 0.01 MB/s write, 0.00 GB read, 0.00 MB/s read, 0.0 seconds
Interval compaction: 0.00 GB write, 0.01 MB/s write, 0.00 GB read, 0.00 MB/s read, 0.0 seconds
Stalls(count): 0 level0_slowdown, 0 level0_slowdown_with_compaction, 0 level0_numfiles, 0 level0_numfiles_with_compaction, 0 stop for pending_compaction_bytes, 0 slowdown for pending_compaction_bytes, 0 memtable_compaction, 0 memtable_slowdown, interval 0 total count

** File Read Latency Histogram By Level [default] **

** Compaction Stats [default] **
Level    Files   Size     Score Read(GB)  Rn(GB) Rnp1(GB) Write(GB) Wnew(GB) Moved(GB) W-Amp Rd(MB/s) Wr(MB/s) Comp(sec) CompMergeCPU(sec) Comp(cnt) Avg(sec) KeyIn KeyDrop
----------------------------------------------------------------------------------------------------------------------------------------------------------------------------
  L0      4/4   13.67 KB   0.0      0.0     0.0      0.0       0.0      0.0       0.0   1.0      0.0      0.1      0.01              0.00         1    0.012       0      0
 Sum      4/4   13.67 KB   0.0      0.0     0.0      0.0       0.0      0.0       0.0   1.0      0.0      0.1      0.01              0.00         1    0.012       0      0
 Int      0/0    0.00 KB   0.0      0.0     0.0      0.0       0.0      0.0       0.0   0.0      0.0      0.0      0.00              0.00         0    0.000       0      0

** Compaction Stats [default] **
Priority    Files   Size     Score Read(GB)  Rn(GB) Rnp1(GB) Write(GB) Wnew(GB) Moved(GB) W-Amp Rd(MB/s) Wr(MB/s) Comp(sec) CompMergeCPU(sec) Comp(cnt) Avg(sec) KeyIn KeyDrop
-------------------------------------------------------------------------------------------------------------------------------------------------------------------------------
User      0/0    0.00 KB   0.0      0.0     0.0      0.0       0.0      0.0       0.0   0.0      0.0      0.1      0.01              0.00         1    0.012       0      0
Uptime(secs): 0.1 total, 0.0 interval
Flush(GB): cumulative 0.000, interval 0.000
AddFile(GB): cumulative 0.000, interval 0.000
AddFile(Total Files): cumulative 0, interval 0
AddFile(L0 Files): cumulative 0, interval 0
AddFile(Keys): cumulative 0, interval 0
Cumulative compaction: 0.00 GB write, 0.01 MB/s write, 0.00 GB read, 0.00 MB/s read, 0.0 seconds
Interval compaction: 0.00 GB write, 0.00 MB/s write, 0.00 GB read, 0.00 MB/s read, 0.0 seconds
Stalls(count): 0 level0_slowdown, 0 level0_slowdown_with_compaction, 0 level0_numfiles, 0 level0_numfiles_with_compaction, 0 stop for pending_compaction_bytes, 0 slowdown for pending_compaction_bytes, 0 memtable_compaction, 0 memtable_slowdown, interval 0 total count

** File Read Latency Histogram By Level [default] **
2025/05/28-14:44:09.294304 7f6a413ce700 EVENT_LOG_v1 {"time_micros": 1748443449293754, "job": 3, "event": "compaction_started", "compaction_reason": "LevelL0FilesNum", "files_L0": [26, 20, 14, 8], "score": 1, "input_data_size": 13997}
2025/05/28-14:44:09.305461 7f6a413ce700 [db/compaction/compaction_job.cc:1521] [default] [JOB 3] Generated table #31: 513 keys, 11293 bytes
2025/05/28-14:44:09.305496 7f6a413ce700 EVENT_LOG_v1 {"time_micros": 1748443449305478, "cf_name": "default", "job": 3, "event": "table_file_creation", "file_number": 31, "file_size": 11293, "file_checksum": "", "file_checksum_func_name": "Unknown", "table_properties": {"data_size": 10281, "index_size": 134, "index_partitions": 0, "top_level_index_size": 0, "index_key_is_user_key": 1, "index_value_is_delta_encoded": 1, "filter_size": 0, "raw_key_size": 21810, "raw_average_key_size": 42, "raw_value_size": 2824, "raw_average_value_size": 5, "num_data_blocks": 3, "num_entries": 513, "num_deletions": 0, "num_merge_operands": 0, "num_range_deletions": 0, "format_version": 0, "fixed_key_len": 0, "filter_policy": "", "column_family_name": "default", "column_family_id": 0, "comparator": "leveldb.BytewiseComparator", "merge_operator": "nullptr", "prefix_extractor_name": "nullptr", "property_collectors": "[]", "compression": "NoCompression", "compression_options": "window_bits=-14; level=32767; strategy=0; max_dict_bytes=0; zstd_max_train_bytes=0; enabled=0; ", "creation_time": 1748441166, "oldest_key_time": 0, "file_creation_time": 1748443449, "db_id": "070a0705-b582-4749-876b-4dfa821249a1", "db_session_id": "DQ3NOGHWHPWPDK7HR7JO"}}
2025/05/28-14:44:09.310845 7f6a413ce700 [db/compaction/compaction_job.cc:1598] [default] [JOB 3] Compacted 4@0 files to L1 => 11293 bytes
2025/05/28-14:44:09.312977 7f6a413ce700 (Original Log Time 2025/05/28-14:44:09.312493) [db/compaction/compaction_job.cc:830] [default] compacted to: files[0 1 0 0 0 0 0] max score 0.00, MB/sec: 1.2 rd, 0.9 wr, level 1, files in(4, 0) out(1) MB in(0.0, 0.0) out(0.0), read-write-amplify(1.8) write-amplify(0.8) OK, records in: 516, records dropped: 3 output_compression: NoCompression
2025/05/28-14:44:09.312991 7f6a413ce700 (Original Log Time 2025/05/28-14:44:09.312509) EVENT_LOG_v1 {"time_micros": 1748443449312503, "job": 3, "event": "compaction_finished", "compaction_time_micros": 12003, "compaction_time_cpu_micros": 2050, "output_level": 1, "num_output_files": 1, "total_output_size": 11293, "num_input_records": 516, "num_output_records": 513, "num_subcompactions": 1, "output_compression": "NoCompression", "num_single_delete_mismatches": 0, "num_single_delete_fallthrough": 0, "lsm_state": [0, 1, 0, 0, 0, 0, 0]}
2025/05/28-14:44:09.314313 7f6a413ce700 [file/delete_scheduler.cc:73] Deleted file /var/lib/milvus/rdb_data_meta_kv/000026.sst immediately, rate_bytes_per_sec 0, total_trash_size 0 max_trash_db_ratio 0.250000
2025/05/28-14:44:09.314323 7f6a413ce700 EVENT_LOG_v1 {"time_micros": 1748443449314321, "job": 3, "event": "table_file_deletion", "file_number": 26}
2025/05/28-14:44:09.316104 7f6a413ce700 [file/delete_scheduler.cc:73] Deleted file /var/lib/milvus/rdb_data_meta_kv/000020.sst immediately, rate_bytes_per_sec 0, total_trash_size 0 max_trash_db_ratio 0.250000
2025/05/28-14:44:09.316121 7f6a413ce700 EVENT_LOG_v1 {"time_micros": 1748443449316119, "job": 3, "event": "table_file_deletion", "file_number": 20}
2025/05/28-14:44:09.317992 7f6a413ce700 [file/delete_scheduler.cc:73] Deleted file /var/lib/milvus/rdb_data_meta_kv/000014.sst immediately, rate_bytes_per_sec 0, total_trash_size 0 max_trash_db_ratio 0.250000
2025/05/28-14:44:09.318004 7f6a413ce700 EVENT_LOG_v1 {"time_micros": 1748443449318002, "job": 3, "event": "table_file_deletion", "file_number": 14}
2025/05/28-14:44:09.319619 7f6a413ce700 [file/delete_scheduler.cc:73] Deleted file /var/lib/milvus/rdb_data_meta_kv/000008.sst immediately, rate_bytes_per_sec 0, total_trash_size 0 max_trash_db_ratio 0.250000
2025/05/28-14:44:09.319629 7f6a413ce700 EVENT_LOG_v1 {"time_micros": 1748443449319628, "job": 3, "event": "table_file_deletion", "file_number": 8}
2025/05/28-14:54:09.296658 7f6a0bfff700 [db/db_impl/db_impl.cc:902] ------- DUMPING STATS -------
2025/05/28-14:54:09.297397 7f6a0bfff700 [db/db_impl/db_impl.cc:903] 
** DB Stats **
Uptime(secs): 600.1 total, 600.0 interval
Cumulative writes: 1 writes, 1 keys, 1 commit groups, 0.5 writes per commit group, ingest: 0.00 GB, 0.00 MB/s
Cumulative WAL: 1 writes, 0 syncs, 1.00 writes per sync, written: 0.00 GB, 0.00 MB/s
Cumulative stall: 00:00:0.000 H:M:S, 0.0 percent
Interval writes: 1 writes, 1 keys, 1 commit groups, 0.5 writes per commit group, ingest: 0.00 MB, 0.00 MB/s
Interval WAL: 1 writes, 0 syncs, 1.00 writes per sync, written: 0.00 MB, 0.00 MB/s
Interval stall: 00:00:0.000 H:M:S, 0.0 percent

** Compaction Stats [default] **
Level    Files   Size     Score Read(GB)  Rn(GB) Rnp1(GB) Write(GB) Wnew(GB) Moved(GB) W-Amp Rd(MB/s) Wr(MB/s) Comp(sec) CompMergeCPU(sec) Comp(cnt) Avg(sec) KeyIn KeyDrop
----------------------------------------------------------------------------------------------------------------------------------------------------------------------------
  L0      0/0    0.00 KB   0.0      0.0     0.0      0.0       0.0      0.0       0.0   1.0      0.0      0.1      0.01              0.00         1    0.012       0      0
  L1      1/0   11.03 KB   0.0      0.0     0.0      0.0       0.0      0.0       0.0   0.8      1.1      0.9      0.01              0.00         1    0.012     516      3
 Sum      1/0   11.03 KB   0.0      0.0     0.0      0.0       0.0      0.0       0.0  13.4      0.6      0.5      0.02              0.00         2    0.012     516      3
 Int      0/0    0.00 KB   0.0      0.0     0.0      0.0       0.0      0.0       0.0 11293.0      1.1      0.9      0.01              0.00         1    0.012     516      3

** Compaction Stats [default] **
Priority    Files   Size     Score Read(GB)  Rn(GB) Rnp1(GB) Write(GB) Wnew(GB) Moved(GB) W-Amp Rd(MB/s) Wr(MB/s) Comp(sec) CompMergeCPU(sec) Comp(cnt) Avg(sec) KeyIn KeyDrop
-------------------------------------------------------------------------------------------------------------------------------------------------------------------------------
 Low      0/0    0.00 KB   0.0      0.0     0.0      0.0       0.0      0.0       0.0   0.0      1.1      0.9      0.01              0.00         1    0.012     516      3
User      0/0    0.00 KB   0.0      0.0     0.0      0.0       0.0      0.0       0.0   0.0      0.0      0.1      0.01              0.00         1    0.012       0      0
Uptime(secs): 600.1 total, 600.0 interval
Flush(GB): cumulative 0.000, interval 0.000
AddFile(GB): cumulative 0.000, interval 0.000
AddFile(Total Files): cumulative 0, interval 0
AddFile(L0 Files): cumulative 0, interval 0
AddFile(Keys): cumulative 0, interval 0
Cumulative compaction: 0.00 GB write, 0.00 MB/s write, 0.00 GB read, 0.00 MB/s read, 0.0 seconds
Interval compaction: 0.00 GB write, 0.00 MB/s write, 0.00 GB read, 0.00 MB/s read, 0.0 seconds
Stalls(count): 0 level0_slowdown, 0 level0_slowdown_with_compaction, 0 level0_numfiles, 0 level0_numfiles_with_compaction, 0 stop for pending_compaction_bytes, 0 slowdown for pending_compaction_bytes, 0 memtable_compaction, 0 memtable_slowdown, interval 0 total count

** File Read Latency Histogram By Level [default] **

** Compaction Stats [default] **
Level    Files   Size     Score Read(GB)  Rn(GB) Rnp1(GB) Write(GB) Wnew(GB) Moved(GB) W-Amp Rd(MB/s) Wr(MB/s) Comp(sec) CompMergeCPU(sec) Comp(cnt) Avg(sec) KeyIn KeyDrop
----------------------------------------------------------------------------------------------------------------------------------------------------------------------------
  L0      0/0    0.00 KB   0.0      0.0     0.0      0.0       0.0      0.0       0.0   1.0      0.0      0.1      0.01              0.00         1    0.012       0      0
  L1      1/0   11.03 KB   0.0      0.0     0.0      0.0       0.0      0.0       0.0   0.8      1.1      0.9      0.01              0.00         1    0.012     516      3
 Sum      1/0   11.03 KB   0.0      0.0     0.0      0.0       0.0      0.0       0.0  13.4      0.6      0.5      0.02              0.00         2    0.012     516      3
 Int      0/0    0.00 KB   0.0      0.0     0.0      0.0       0.0      0.0       0.0   0.0      0.0      0.0      0.00              0.00         0    0.000       0      0

** Compaction Stats [default] **
Priority    Files   Size     Score Read(GB)  Rn(GB) Rnp1(GB) Write(GB) Wnew(GB) Moved(GB) W-Amp Rd(MB/s) Wr(MB/s) Comp(sec) CompMergeCPU(sec) Comp(cnt) Avg(sec) KeyIn KeyDrop
-------------------------------------------------------------------------------------------------------------------------------------------------------------------------------
 Low      0/0    0.00 KB   0.0      0.0     0.0      0.0       0.0      0.0       0.0   0.0      1.1      0.9      0.01              0.00         1    0.012     516      3
User      0/0    0.00 KB   0.0      0.0     0.0      0.0       0.0      0.0       0.0   0.0      0.0      0.1      0.01              0.00         1    0.012       0      0
Uptime(secs): 600.1 total, 0.0 interval
Flush(GB): cumulative 0.000, interval 0.000
AddFile(GB): cumulative 0.000, interval 0.000
AddFile(Total Files): cumulative 0, interval 0
AddFile(L0 Files): cumulative 0, interval 0
AddFile(Keys): cumulative 0, interval 0
Cumulative compaction: 0.00 GB write, 0.00 MB/s write, 0.00 GB read, 0.00 MB/s read, 0.0 seconds
Interval compaction: 0.00 GB write, 0.00 MB/s write, 0.00 GB read, 0.00 MB/s read, 0.0 seconds
Stalls(count): 0 level0_slowdown, 0 level0_slowdown_with_compaction, 0 level0_numfiles, 0 level0_numfiles_with_compaction, 0 stop for pending_compaction_bytes, 0 slowdown for pending_compaction_bytes, 0 memtable_compaction, 0 memtable_slowdown, interval 0 total count

** File Read Latency Histogram By Level [default] **
2025/05/28-15:04:09.305817 7f6a0bfff700 [db/db_impl/db_impl.cc:902] ------- DUMPING STATS -------
2025/05/28-15:04:09.308014 7f6a0bfff700 [db/db_impl/db_impl.cc:903] 
** DB Stats **
Uptime(secs): 1200.1 total, 600.0 interval
Cumulative writes: 1 writes, 1 keys, 1 commit groups, 0.5 writes per commit group, ingest: 0.00 GB, 0.00 MB/s
Cumulative WAL: 1 writes, 0 syncs, 1.00 writes per sync, written: 0.00 GB, 0.00 MB/s
Cumulative stall: 00:00:0.000 H:M:S, 0.0 percent
Interval writes: 0 writes, 0 keys, 0 commit groups, 0.0 writes per commit group, ingest: 0.00 MB, 0.00 MB/s
Interval WAL: 0 writes, 0 syncs, 0.00 writes per sync, written: 0.00 MB, 0.00 MB/s
Interval stall: 00:00:0.000 H:M:S, 0.0 percent

** Compaction Stats [default] **
Level    Files   Size     Score Read(GB)  Rn(GB) Rnp1(GB) Write(GB) Wnew(GB) Moved(GB) W-Amp Rd(MB/s) Wr(MB/s) Comp(sec) CompMergeCPU(sec) Comp(cnt) Avg(sec) KeyIn KeyDrop
----------------------------------------------------------------------------------------------------------------------------------------------------------------------------
  L0      0/0    0.00 KB   0.0      0.0     0.0      0.0       0.0      0.0       0.0   1.0      0.0      0.1      0.01              0.00         1    0.012       0      0
  L1      1/0   11.03 KB   0.0      0.0     0.0      0.0       0.0      0.0       0.0   0.8      1.1      0.9      0.01              0.00         1    0.012     516      3
 Sum      1/0   11.03 KB   0.0      0.0     0.0      0.0       0.0      0.0       0.0  13.4      0.6      0.5      0.02              0.00         2    0.012     516      3
 Int      0/0    0.00 KB   0.0      0.0     0.0      0.0       0.0      0.0       0.0   0.0      0.0      0.0      0.00              0.00         0    0.000       0      0

** Compaction Stats [default] **
Priority    Files   Size     Score Read(GB)  Rn(GB) Rnp1(GB) Write(GB) Wnew(GB) Moved(GB) W-Amp Rd(MB/s) Wr(MB/s) Comp(sec) CompMergeCPU(sec) Comp(cnt) Avg(sec) KeyIn KeyDrop
-------------------------------------------------------------------------------------------------------------------------------------------------------------------------------
 Low      0/0    0.00 KB   0.0      0.0     0.0      0.0       0.0      0.0       0.0   0.0      1.1      0.9      0.01              0.00         1    0.012     516      3
User      0/0    0.00 KB   0.0      0.0     0.0      0.0       0.0      0.0       0.0   0.0      0.0      0.1      0.01              0.00         1    0.012       0      0
Uptime(secs): 1200.1 total, 600.0 interval
Flush(GB): cumulative 0.000, interval 0.000
AddFile(GB): cumulative 0.000, interval 0.000
AddFile(Total Files): cumulative 0, interval 0
AddFile(L0 Files): cumulative 0, interval 0
AddFile(Keys): cumulative 0, interval 0
Cumulative compaction: 0.00 GB write, 0.00 MB/s write, 0.00 GB read, 0.00 MB/s read, 0.0 seconds
Interval compaction: 0.00 GB write, 0.00 MB/s write, 0.00 GB read, 0.00 MB/s read, 0.0 seconds
Stalls(count): 0 level0_slowdown, 0 level0_slowdown_with_compaction, 0 level0_numfiles, 0 level0_numfiles_with_compaction, 0 stop for pending_compaction_bytes, 0 slowdown for pending_compaction_bytes, 0 memtable_compaction, 0 memtable_slowdown, interval 0 total count

** File Read Latency Histogram By Level [default] **

** Compaction Stats [default] **
Level    Files   Size     Score Read(GB)  Rn(GB) Rnp1(GB) Write(GB) Wnew(GB) Moved(GB) W-Amp Rd(MB/s) Wr(MB/s) Comp(sec) CompMergeCPU(sec) Comp(cnt) Avg(sec) KeyIn KeyDrop
----------------------------------------------------------------------------------------------------------------------------------------------------------------------------
