2025/05/28-14:44:09.307933 7f6a638ec700 RocksDB version: 6.15.2
2025/05/28-14:44:09.308523 7f6a638ec700 Git sha rocksdb_build_git_sha:@0@
2025/05/28-14:44:09.308527 7f6a638ec700 Compile date Sep 29 2022
2025/05/28-14:44:09.308565 7f6a638ec700 DB SUMMARY
2025/05/28-14:44:09.308566 7f6a638ec700 DB Session ID:  830O5L2S0QW0FL2WQ2YZ
2025/05/28-14:44:09.311144 7f6a638ec700 CURRENT file:  CURRENT
2025/05/28-14:44:09.311147 7f6a638ec700 IDENTITY file:  IDENTITY
2025/05/28-14:44:09.311889 7f6a638ec700 MANIFEST file:  MANIFEST-000018 size: 59 Bytes
2025/05/28-14:44:09.311895 7f6a638ec700 SST files in /var/lib/milvus/rdb_data dir, Total Num: 0, files: 
2025/05/28-14:44:09.311896 7f6a638ec700 Write Ahead Log file in /var/lib/milvus/rdb_data: 000019.log size: 0 ; 
2025/05/28-14:44:09.311898 7f6a638ec700                         Options.error_if_exists: 0
2025/05/28-14:44:09.311899 7f6a638ec700                       Options.create_if_missing: 1
2025/05/28-14:44:09.311900 7f6a638ec700                         Options.paranoid_checks: 1
2025/05/28-14:44:09.311901 7f6a638ec700                               Options.track_and_verify_wals_in_manifest: 0
2025/05/28-14:44:09.311902 7f6a638ec700                                     Options.env: 0x5ae4780
2025/05/28-14:44:09.311904 7f6a638ec700                                      Options.fs: Posix File System
2025/05/28-14:44:09.311905 7f6a638ec700                                Options.info_log: 0x7f6a54021dc0
2025/05/28-14:44:09.311906 7f6a638ec700                Options.max_file_opening_threads: 16
2025/05/28-14:44:09.311907 7f6a638ec700                              Options.statistics: (nil)
2025/05/28-14:44:09.311908 7f6a638ec700                               Options.use_fsync: 0
2025/05/28-14:44:09.311909 7f6a638ec700                       Options.max_log_file_size: 0
2025/05/28-14:44:09.311910 7f6a638ec700                  Options.max_manifest_file_size: 1073741824
2025/05/28-14:44:09.311911 7f6a638ec700                   Options.log_file_time_to_roll: 0
2025/05/28-14:44:09.311912 7f6a638ec700                       Options.keep_log_file_num: 1000
2025/05/28-14:44:09.311913 7f6a638ec700                    Options.recycle_log_file_num: 0
2025/05/28-14:44:09.311914 7f6a638ec700                         Options.allow_fallocate: 1
2025/05/28-14:44:09.311915 7f6a638ec700                        Options.allow_mmap_reads: 0
2025/05/28-14:44:09.311916 7f6a638ec700                       Options.allow_mmap_writes: 0
2025/05/28-14:44:09.311917 7f6a638ec700                        Options.use_direct_reads: 0
2025/05/28-14:44:09.311918 7f6a638ec700                        Options.use_direct_io_for_flush_and_compaction: 0
2025/05/28-14:44:09.311919 7f6a638ec700          Options.create_missing_column_families: 0
2025/05/28-14:44:09.311920 7f6a638ec700                              Options.db_log_dir: 
2025/05/28-14:44:09.311920 7f6a638ec700                                 Options.wal_dir: /var/lib/milvus/rdb_data
2025/05/28-14:44:09.311921 7f6a638ec700                Options.table_cache_numshardbits: 6
2025/05/28-14:44:09.311922 7f6a638ec700                         Options.WAL_ttl_seconds: 0
2025/05/28-14:44:09.311923 7f6a638ec700                       Options.WAL_size_limit_MB: 0
2025/05/28-14:44:09.311924 7f6a638ec700                        Options.max_write_batch_group_size_bytes: 1048576
2025/05/28-14:44:09.311925 7f6a638ec700             Options.manifest_preallocation_size: 4194304
2025/05/28-14:44:09.311926 7f6a638ec700                     Options.is_fd_close_on_exec: 1
2025/05/28-14:44:09.311927 7f6a638ec700                   Options.advise_random_on_open: 1
2025/05/28-14:44:09.311928 7f6a638ec700                    Options.db_write_buffer_size: 0
2025/05/28-14:44:09.311929 7f6a638ec700                    Options.write_buffer_manager: 0x7f6a5400a920
2025/05/28-14:44:09.311930 7f6a638ec700         Options.access_hint_on_compaction_start: 1
2025/05/28-14:44:09.311931 7f6a638ec700  Options.new_table_reader_for_compaction_inputs: 0
2025/05/28-14:44:09.311932 7f6a638ec700           Options.random_access_max_buffer_size: 1048576
2025/05/28-14:44:09.311933 7f6a638ec700                      Options.use_adaptive_mutex: 0
2025/05/28-14:44:09.312207 7f6a638ec700                            Options.rate_limiter: (nil)
2025/05/28-14:44:09.312210 7f6a638ec700     Options.sst_file_manager.rate_bytes_per_sec: 0
2025/05/28-14:44:09.312211 7f6a638ec700                       Options.wal_recovery_mode: 2
2025/05/28-14:44:09.312213 7f6a638ec700                  Options.enable_thread_tracking: 0
2025/05/28-14:44:09.312214 7f6a638ec700                  Options.enable_pipelined_write: 0
2025/05/28-14:44:09.312215 7f6a638ec700                  Options.unordered_write: 0
2025/05/28-14:44:09.312215 7f6a638ec700         Options.allow_concurrent_memtable_write: 1
2025/05/28-14:44:09.312216 7f6a638ec700      Options.enable_write_thread_adaptive_yield: 1
2025/05/28-14:44:09.312217 7f6a638ec700             Options.write_thread_max_yield_usec: 100
2025/05/28-14:44:09.312218 7f6a638ec700            Options.write_thread_slow_yield_usec: 3
2025/05/28-14:44:09.312219 7f6a638ec700                               Options.row_cache: None
2025/05/28-14:44:09.312220 7f6a638ec700                              Options.wal_filter: None
2025/05/28-14:44:09.312221 7f6a638ec700             Options.avoid_flush_during_recovery: 0
2025/05/28-14:44:09.312222 7f6a638ec700             Options.allow_ingest_behind: 0
2025/05/28-14:44:09.312223 7f6a638ec700             Options.preserve_deletes: 0
2025/05/28-14:44:09.312224 7f6a638ec700             Options.two_write_queues: 0
2025/05/28-14:44:09.312225 7f6a638ec700             Options.manual_wal_flush: 0
2025/05/28-14:44:09.312226 7f6a638ec700             Options.atomic_flush: 0
2025/05/28-14:44:09.312227 7f6a638ec700             Options.avoid_unnecessary_blocking_io: 0
2025/05/28-14:44:09.312228 7f6a638ec700                 Options.persist_stats_to_disk: 0
2025/05/28-14:44:09.312229 7f6a638ec700                 Options.write_dbid_to_manifest: 0
2025/05/28-14:44:09.312230 7f6a638ec700                 Options.log_readahead_size: 0
2025/05/28-14:44:09.312231 7f6a638ec700                 Options.file_checksum_gen_factory: Unknown
2025/05/28-14:44:09.312232 7f6a638ec700                 Options.best_efforts_recovery: 0
2025/05/28-14:44:09.312233 7f6a638ec700                Options.max_bgerror_resume_count: 2147483647
2025/05/28-14:44:09.312234 7f6a638ec700            Options.bgerror_resume_retry_interval: 1000000
2025/05/28-14:44:09.312234 7f6a638ec700             Options.allow_data_in_errors: 0
2025/05/28-14:44:09.312235 7f6a638ec700             Options.db_host_id: __hostname__
2025/05/28-14:44:09.312236 7f6a638ec700             Options.max_background_jobs: 2
2025/05/28-14:44:09.312237 7f6a638ec700             Options.max_background_compactions: -1
2025/05/28-14:44:09.312238 7f6a638ec700             Options.max_subcompactions: 1
2025/05/28-14:44:09.312239 7f6a638ec700             Options.avoid_flush_during_shutdown: 0
2025/05/28-14:44:09.312240 7f6a638ec700           Options.writable_file_max_buffer_size: 1048576
2025/05/28-14:44:09.312241 7f6a638ec700             Options.delayed_write_rate : 16777216
2025/05/28-14:44:09.312242 7f6a638ec700             Options.max_total_wal_size: 0
2025/05/28-14:44:09.312243 7f6a638ec700             Options.delete_obsolete_files_period_micros: 21600000000
2025/05/28-14:44:09.312244 7f6a638ec700                   Options.stats_dump_period_sec: 600
2025/05/28-14:44:09.312245 7f6a638ec700                 Options.stats_persist_period_sec: 600
2025/05/28-14:44:09.312246 7f6a638ec700                 Options.stats_history_buffer_size: 1048576
2025/05/28-14:44:09.312247 7f6a638ec700                          Options.max_open_files: -1
2025/05/28-14:44:09.312248 7f6a638ec700                          Options.bytes_per_sync: 0
2025/05/28-14:44:09.312249 7f6a638ec700                      Options.wal_bytes_per_sync: 0
2025/05/28-14:44:09.312250 7f6a638ec700                   Options.strict_bytes_per_sync: 0
2025/05/28-14:44:09.312251 7f6a638ec700       Options.compaction_readahead_size: 0
2025/05/28-14:44:09.312251 7f6a638ec700                  Options.max_background_flushes: 1
2025/05/28-14:44:09.312495 7f6a638ec700 Compression algorithms supported:
2025/05/28-14:44:09.312498 7f6a638ec700 	kZSTDNotFinalCompression supported: 0
2025/05/28-14:44:09.312499 7f6a638ec700 	kZSTD supported: 0
2025/05/28-14:44:09.312500 7f6a638ec700 	kXpressCompression supported: 0
2025/05/28-14:44:09.312501 7f6a638ec700 	kLZ4HCCompression supported: 0
2025/05/28-14:44:09.312502 7f6a638ec700 	kLZ4Compression supported: 0
2025/05/28-14:44:09.312503 7f6a638ec700 	kBZip2Compression supported: 0
2025/05/28-14:44:09.312504 7f6a638ec700 	kZlibCompression supported: 0
2025/05/28-14:44:09.312505 7f6a638ec700 	kSnappyCompression supported: 0
2025/05/28-14:44:09.312509 7f6a638ec700 Fast CRC32 supported: Supported on x86
2025/05/28-14:44:09.319638 7f6a638ec700 [db/version_set.cc:4725] Recovering from manifest file: /var/lib/milvus/rdb_data/MANIFEST-000018
2025/05/28-14:44:09.321251 7f6a638ec700 [db/column_family.cc:597] --------------- Options for column family [default]:
2025/05/28-14:44:09.321255 7f6a638ec700               Options.comparator: leveldb.BytewiseComparator
2025/05/28-14:44:09.321256 7f6a638ec700           Options.merge_operator: None
2025/05/28-14:44:09.321257 7f6a638ec700        Options.compaction_filter: None
2025/05/28-14:44:09.321258 7f6a638ec700        Options.compaction_filter_factory: None
2025/05/28-14:44:09.321259 7f6a638ec700  Options.sst_partitioner_factory: None
2025/05/28-14:44:09.321260 7f6a638ec700         Options.memtable_factory: SkipListFactory
2025/05/28-14:44:09.321261 7f6a638ec700            Options.table_factory: BlockBasedTable
2025/05/28-14:44:09.321288 7f6a638ec700            table_factory options:   flush_block_policy_factory: FlushBlockBySizePolicyFactory (0x7f6a54018820)
  cache_index_and_filter_blocks: 0
  cache_index_and_filter_blocks_with_high_priority: 1
  pin_l0_filter_and_index_blocks_in_cache: 0
  pin_top_level_index_and_filter: 1
  index_type: 0
  data_block_index_type: 0
  index_shortening: 1
  data_block_hash_table_util_ratio: 0.750000
  hash_index_allow_collision: 1
  checksum: 1
  no_block_cache: 0
  block_cache: 0x7f6a54000ef0
  block_cache_name: LRUCache
  block_cache_options:
    capacity : 536870912
    num_shard_bits : 6
    strict_capacity_limit : 0
    memory_allocator : None
    high_pri_pool_ratio: 0.500
  block_cache_compressed: (nil)
  persistent_cache: (nil)
  block_size: 4096
  block_size_deviation: 10
  block_restart_interval: 16
  index_block_restart_interval: 1
  metadata_block_size: 4096
  partition_filters: 0
  use_delta_encoding: 1
  filter_policy: nullptr
  whole_key_filtering: 1
  verify_compression: 0
  read_amp_bytes_per_bit: 0
  format_version: 4
  enable_index_compression: 1
  block_align: 0
2025/05/28-14:44:09.321289 7f6a638ec700        Options.write_buffer_size: 67108864
2025/05/28-14:44:09.321290 7f6a638ec700  Options.max_write_buffer_number: 2
2025/05/28-14:44:09.321291 7f6a638ec700          Options.compression: NoCompression
2025/05/28-14:44:09.321292 7f6a638ec700                  Options.bottommost_compression: Disabled
2025/05/28-14:44:09.321294 7f6a638ec700       Options.prefix_extractor: nullptr
2025/05/28-14:44:09.321295 7f6a638ec700   Options.memtable_insert_with_hint_prefix_extractor: nullptr
2025/05/28-14:44:09.321296 7f6a638ec700             Options.num_levels: 7
2025/05/28-14:44:09.321297 7f6a638ec700        Options.min_write_buffer_number_to_merge: 1
2025/05/28-14:44:09.321297 7f6a638ec700     Options.max_write_buffer_number_to_maintain: 0
2025/05/28-14:44:09.321298 7f6a638ec700     Options.max_write_buffer_size_to_maintain: 0
2025/05/28-14:44:09.321299 7f6a638ec700            Options.bottommost_compression_opts.window_bits: -14
2025/05/28-14:44:09.321300 7f6a638ec700                  Options.bottommost_compression_opts.level: 32767
2025/05/28-14:44:09.321301 7f6a638ec700               Options.bottommost_compression_opts.strategy: 0
2025/05/28-14:44:09.321302 7f6a638ec700         Options.bottommost_compression_opts.max_dict_bytes: 0
2025/05/28-14:44:09.321303 7f6a638ec700         Options.bottommost_compression_opts.zstd_max_train_bytes: 0
2025/05/28-14:44:09.321480 7f6a638ec700         Options.bottommost_compression_opts.parallel_threads: 1
2025/05/28-14:44:09.321484 7f6a638ec700                  Options.bottommost_compression_opts.enabled: false
2025/05/28-14:44:09.321485 7f6a638ec700            Options.compression_opts.window_bits: -14
2025/05/28-14:44:09.321486 7f6a638ec700                  Options.compression_opts.level: 32767
2025/05/28-14:44:09.321487 7f6a638ec700               Options.compression_opts.strategy: 0
2025/05/28-14:44:09.321488 7f6a638ec700         Options.compression_opts.max_dict_bytes: 0
2025/05/28-14:44:09.321489 7f6a638ec700         Options.compression_opts.zstd_max_train_bytes: 0
2025/05/28-14:44:09.321490 7f6a638ec700         Options.compression_opts.parallel_threads: 1
2025/05/28-14:44:09.321491 7f6a638ec700                  Options.compression_opts.enabled: false
2025/05/28-14:44:09.321492 7f6a638ec700      Options.level0_file_num_compaction_trigger: 4
2025/05/28-14:44:09.321493 7f6a638ec700          Options.level0_slowdown_writes_trigger: 20
2025/05/28-14:44:09.321494 7f6a638ec700              Options.level0_stop_writes_trigger: 36
2025/05/28-14:44:09.321495 7f6a638ec700                   Options.target_file_size_base: 67108864
2025/05/28-14:44:09.321496 7f6a638ec700             Options.target_file_size_multiplier: 1
2025/05/28-14:44:09.321497 7f6a638ec700                Options.max_bytes_for_level_base: 268435456
2025/05/28-14:44:09.321498 7f6a638ec700 Options.level_compaction_dynamic_level_bytes: 0
2025/05/28-14:44:09.321499 7f6a638ec700          Options.max_bytes_for_level_multiplier: 10.000000
2025/05/28-14:44:09.321501 7f6a638ec700 Options.max_bytes_for_level_multiplier_addtl[0]: 1
2025/05/28-14:44:09.321502 7f6a638ec700 Options.max_bytes_for_level_multiplier_addtl[1]: 1
2025/05/28-14:44:09.321503 7f6a638ec700 Options.max_bytes_for_level_multiplier_addtl[2]: 1
2025/05/28-14:44:09.321504 7f6a638ec700 Options.max_bytes_for_level_multiplier_addtl[3]: 1
2025/05/28-14:44:09.321505 7f6a638ec700 Options.max_bytes_for_level_multiplier_addtl[4]: 1
2025/05/28-14:44:09.321506 7f6a638ec700 Options.max_bytes_for_level_multiplier_addtl[5]: 1
2025/05/28-14:44:09.321507 7f6a638ec700 Options.max_bytes_for_level_multiplier_addtl[6]: 1
2025/05/28-14:44:09.321508 7f6a638ec700       Options.max_sequential_skip_in_iterations: 8
2025/05/28-14:44:09.321509 7f6a638ec700                    Options.max_compaction_bytes: 1677721600
2025/05/28-14:44:09.321510 7f6a638ec700                        Options.arena_block_size: 8388608
2025/05/28-14:44:09.321511 7f6a638ec700   Options.soft_pending_compaction_bytes_limit: 68719476736
2025/05/28-14:44:09.321512 7f6a638ec700   Options.hard_pending_compaction_bytes_limit: 274877906944
2025/05/28-14:44:09.321513 7f6a638ec700       Options.rate_limit_delay_max_milliseconds: 100
2025/05/28-14:44:09.321514 7f6a638ec700                Options.disable_auto_compactions: 0
2025/05/28-14:44:09.321516 7f6a638ec700                        Options.compaction_style: kCompactionStyleLevel
2025/05/28-14:44:09.321518 7f6a638ec700                          Options.compaction_pri: kMinOverlappingRatio
2025/05/28-14:44:09.321519 7f6a638ec700 Options.compaction_options_universal.size_ratio: 1
2025/05/28-14:44:09.321520 7f6a638ec700 Options.compaction_options_universal.min_merge_width: 2
2025/05/28-14:44:09.321521 7f6a638ec700 Options.compaction_options_universal.max_merge_width: 4294967295
2025/05/28-14:44:09.321522 7f6a638ec700 Options.compaction_options_universal.max_size_amplification_percent: 200
2025/05/28-14:44:09.321523 7f6a638ec700 Options.compaction_options_universal.compression_size_percent: -1
2025/05/28-14:44:09.321524 7f6a638ec700 Options.compaction_options_universal.stop_style: kCompactionStopStyleTotalSize
2025/05/28-14:44:09.321525 7f6a638ec700 Options.compaction_options_fifo.max_table_files_size: 1073741824
2025/05/28-14:44:09.321526 7f6a638ec700 Options.compaction_options_fifo.allow_compaction: 0
2025/05/28-14:44:09.321529 7f6a638ec700                   Options.table_properties_collectors: 
2025/05/28-14:44:09.321530 7f6a638ec700                   Options.inplace_update_support: 0
2025/05/28-14:44:09.321735 7f6a638ec700                 Options.inplace_update_num_locks: 10000
2025/05/28-14:44:09.321738 7f6a638ec700               Options.memtable_prefix_bloom_size_ratio: 0.000000
2025/05/28-14:44:09.321739 7f6a638ec700               Options.memtable_whole_key_filtering: 0
2025/05/28-14:44:09.321740 7f6a638ec700   Options.memtable_huge_page_size: 0
2025/05/28-14:44:09.321741 7f6a638ec700                           Options.bloom_locality: 0
2025/05/28-14:44:09.321742 7f6a638ec700                    Options.max_successive_merges: 0
2025/05/28-14:44:09.321743 7f6a638ec700                Options.optimize_filters_for_hits: 0
2025/05/28-14:44:09.321744 7f6a638ec700                Options.paranoid_file_checks: 0
2025/05/28-14:44:09.321745 7f6a638ec700                Options.force_consistency_checks: 1
2025/05/28-14:44:09.321746 7f6a638ec700                Options.report_bg_io_stats: 0
2025/05/28-14:44:09.321747 7f6a638ec700                               Options.ttl: 2592000
2025/05/28-14:44:09.321748 7f6a638ec700          Options.periodic_compaction_seconds: 0
2025/05/28-14:44:09.321749 7f6a638ec700                    Options.enable_blob_files: false
2025/05/28-14:44:09.321750 7f6a638ec700                        Options.min_blob_size: 0
2025/05/28-14:44:09.321751 7f6a638ec700                       Options.blob_file_size: 268435456
2025/05/28-14:44:09.321752 7f6a638ec700                Options.blob_compression_type: NoCompression
2025/05/28-14:44:09.321753 7f6a638ec700       Options.enable_blob_garbage_collection: false
2025/05/28-14:44:09.321754 7f6a638ec700   Options.blob_garbage_collection_age_cutoff: 0.250000
2025/05/28-14:44:09.326657 7f6a638ec700 [db/version_set.cc:4773] Recovered from manifest file:/var/lib/milvus/rdb_data/MANIFEST-000018 succeeded,manifest_file_number is 18, next_file_number is 20, last_sequence is 0, log_number is 15,prev_log_number is 0,max_column_family is 0,min_log_number_to_keep is 0
2025/05/28-14:44:09.326664 7f6a638ec700 [db/version_set.cc:4782] Column family [default] (ID 0), log number is 15
2025/05/28-14:44:09.334810 7f6a638ec700 [db/version_set.cc:4083] Creating manifest 22
2025/05/28-14:44:09.357009 7f6a638ec700 EVENT_LOG_v1 {"time_micros": 1748443449357004, "job": 1, "event": "recovery_started", "wal_files": [19]}
2025/05/28-14:44:09.357015 7f6a638ec700 [db/db_impl/db_impl_open.cc:847] Recovering log #19 mode 2
2025/05/28-14:44:09.359540 7f6a638ec700 [db/version_set.cc:4083] Creating manifest 23
2025/05/28-14:44:09.380525 7f6a638ec700 EVENT_LOG_v1 {"time_micros": 1748443449380521, "job": 1, "event": "recovery_finished"}
2025/05/28-14:44:09.390684 7f6a638ec700 [file/delete_scheduler.cc:73] Deleted file /var/lib/milvus/rdb_data/000019.log immediately, rate_bytes_per_sec 0, total_trash_size 0 max_trash_db_ratio 0.250000
2025/05/28-14:44:09.409703 7f6a638ec700 [db/db_impl/db_impl_open.cc:1701] SstFileManager instance 0x7f6a5406a3c0
2025/05/28-14:44:09.412240 7f6a638ec700 DB pointer 0x7f6a54065480
2025/05/28-14:44:12.412733 7f6a0bfff700 [db/db_impl/db_impl.cc:902] ------- DUMPING STATS -------
2025/05/28-14:44:12.412751 7f6a0bfff700 [db/db_impl/db_impl.cc:903] 
** DB Stats **
Uptime(secs): 3.1 total, 3.1 interval
Cumulative writes: 0 writes, 0 keys, 0 commit groups, 0.0 writes per commit group, ingest: 0.00 GB, 0.00 MB/s
Cumulative WAL: 0 writes, 0 syncs, 0.00 writes per sync, written: 0.00 GB, 0.00 MB/s
Cumulative stall: 00:00:0.000 H:M:S, 0.0 percent
Interval writes: 0 writes, 0 keys, 0 commit groups, 0.0 writes per commit group, ingest: 0.00 MB, 0.00 MB/s
Interval WAL: 0 writes, 0 syncs, 0.00 writes per sync, written: 0.00 MB, 0.00 MB/s
Interval stall: 00:00:0.000 H:M:S, 0.0 percent

** Compaction Stats [default] **
Level    Files   Size     Score Read(GB)  Rn(GB) Rnp1(GB) Write(GB) Wnew(GB) Moved(GB) W-Amp Rd(MB/s) Wr(MB/s) Comp(sec) CompMergeCPU(sec) Comp(cnt) Avg(sec) KeyIn KeyDrop
----------------------------------------------------------------------------------------------------------------------------------------------------------------------------
 Sum      0/0    0.00 KB   0.0      0.0     0.0      0.0       0.0      0.0       0.0   0.0      0.0      0.0      0.00              0.00         0    0.000       0      0
 Int      0/0    0.00 KB   0.0      0.0     0.0      0.0       0.0      0.0       0.0   0.0      0.0      0.0      0.00              0.00         0    0.000       0      0

** Compaction Stats [default] **
Priority    Files   Size     Score Read(GB)  Rn(GB) Rnp1(GB) Write(GB) Wnew(GB) Moved(GB) W-Amp Rd(MB/s) Wr(MB/s) Comp(sec) CompMergeCPU(sec) Comp(cnt) Avg(sec) KeyIn KeyDrop
-------------------------------------------------------------------------------------------------------------------------------------------------------------------------------
Uptime(secs): 3.1 total, 3.1 interval
Flush(GB): cumulative 0.000, interval 0.000
AddFile(GB): cumulative 0.000, interval 0.000
AddFile(Total Files): cumulative 0, interval 0
AddFile(L0 Files): cumulative 0, interval 0
AddFile(Keys): cumulative 0, interval 0
Cumulative compaction: 0.00 GB write, 0.00 MB/s write, 0.00 GB read, 0.00 MB/s read, 0.0 seconds
Interval compaction: 0.00 GB write, 0.00 MB/s write, 0.00 GB read, 0.00 MB/s read, 0.0 seconds
Stalls(count): 0 level0_slowdown, 0 level0_slowdown_with_compaction, 0 level0_numfiles, 0 level0_numfiles_with_compaction, 0 stop for pending_compaction_bytes, 0 slowdown for pending_compaction_bytes, 0 memtable_compaction, 0 memtable_slowdown, interval 0 total count

** File Read Latency Histogram By Level [default] **

** Compaction Stats [default] **
Level    Files   Size     Score Read(GB)  Rn(GB) Rnp1(GB) Write(GB) Wnew(GB) Moved(GB) W-Amp Rd(MB/s) Wr(MB/s) Comp(sec) CompMergeCPU(sec) Comp(cnt) Avg(sec) KeyIn KeyDrop
----------------------------------------------------------------------------------------------------------------------------------------------------------------------------
 Sum      0/0    0.00 KB   0.0      0.0     0.0      0.0       0.0      0.0       0.0   0.0      0.0      0.0      0.00              0.00         0    0.000       0      0
 Int      0/0    0.00 KB   0.0      0.0     0.0      0.0       0.0      0.0       0.0   0.0      0.0      0.0      0.00              0.00         0    0.000       0      0

** Compaction Stats [default] **
Priority    Files   Size     Score Read(GB)  Rn(GB) Rnp1(GB) Write(GB) Wnew(GB) Moved(GB) W-Amp Rd(MB/s) Wr(MB/s) Comp(sec) CompMergeCPU(sec) Comp(cnt) Avg(sec) KeyIn KeyDrop
-------------------------------------------------------------------------------------------------------------------------------------------------------------------------------
Uptime(secs): 3.1 total, 0.0 interval
Flush(GB): cumulative 0.000, interval 0.000
AddFile(GB): cumulative 0.000, interval 0.000
AddFile(Total Files): cumulative 0, interval 0
AddFile(L0 Files): cumulative 0, interval 0
AddFile(Keys): cumulative 0, interval 0
Cumulative compaction: 0.00 GB write, 0.00 MB/s write, 0.00 GB read, 0.00 MB/s read, 0.0 seconds
Interval compaction: 0.00 GB write, 0.00 MB/s write, 0.00 GB read, 0.00 MB/s read, 0.0 seconds
Stalls(count): 0 level0_slowdown, 0 level0_slowdown_with_compaction, 0 level0_numfiles, 0 level0_numfiles_with_compaction, 0 stop for pending_compaction_bytes, 0 slowdown for pending_compaction_bytes, 0 memtable_compaction, 0 memtable_slowdown, interval 0 total count

** File Read Latency Histogram By Level [default] **
2025/05/28-14:54:12.414230 7f6a0bfff700 [db/db_impl/db_impl.cc:902] ------- DUMPING STATS -------
2025/05/28-14:54:12.415710 7f6a0bfff700 [db/db_impl/db_impl.cc:903] 
** DB Stats **
Uptime(secs): 603.1 total, 600.0 interval
Cumulative writes: 0 writes, 0 keys, 0 commit groups, 0.0 writes per commit group, ingest: 0.00 GB, 0.00 MB/s
Cumulative WAL: 0 writes, 0 syncs, 0.00 writes per sync, written: 0.00 GB, 0.00 MB/s
Cumulative stall: 00:00:0.000 H:M:S, 0.0 percent
Interval writes: 0 writes, 0 keys, 0 commit groups, 0.0 writes per commit group, ingest: 0.00 MB, 0.00 MB/s
Interval WAL: 0 writes, 0 syncs, 0.00 writes per sync, written: 0.00 MB, 0.00 MB/s
Interval stall: 00:00:0.000 H:M:S, 0.0 percent

** Compaction Stats [default] **
Level    Files   Size     Score Read(GB)  Rn(GB) Rnp1(GB) Write(GB) Wnew(GB) Moved(GB) W-Amp Rd(MB/s) Wr(MB/s) Comp(sec) CompMergeCPU(sec) Comp(cnt) Avg(sec) KeyIn KeyDrop
----------------------------------------------------------------------------------------------------------------------------------------------------------------------------
 Sum      0/0    0.00 KB   0.0      0.0     0.0      0.0       0.0      0.0       0.0   0.0      0.0      0.0      0.00              0.00         0    0.000       0      0
 Int      0/0    0.00 KB   0.0      0.0     0.0      0.0       0.0      0.0       0.0   0.0      0.0      0.0      0.00              0.00         0    0.000       0      0

** Compaction Stats [default] **
Priority    Files   Size     Score Read(GB)  Rn(GB) Rnp1(GB) Write(GB) Wnew(GB) Moved(GB) W-Amp Rd(MB/s) Wr(MB/s) Comp(sec) CompMergeCPU(sec) Comp(cnt) Avg(sec) KeyIn KeyDrop
-------------------------------------------------------------------------------------------------------------------------------------------------------------------------------
Uptime(secs): 603.1 total, 600.0 interval
Flush(GB): cumulative 0.000, interval 0.000
AddFile(GB): cumulative 0.000, interval 0.000
AddFile(Total Files): cumulative 0, interval 0
AddFile(L0 Files): cumulative 0, interval 0
AddFile(Keys): cumulative 0, interval 0
Cumulative compaction: 0.00 GB write, 0.00 MB/s write, 0.00 GB read, 0.00 MB/s read, 0.0 seconds
Interval compaction: 0.00 GB write, 0.00 MB/s write, 0.00 GB read, 0.00 MB/s read, 0.0 seconds
Stalls(count): 0 level0_slowdown, 0 level0_slowdown_with_compaction, 0 level0_numfiles, 0 level0_numfiles_with_compaction, 0 stop for pending_compaction_bytes, 0 slowdown for pending_compaction_bytes, 0 memtable_compaction, 0 memtable_slowdown, interval 0 total count

** File Read Latency Histogram By Level [default] **

** Compaction Stats [default] **
Level    Files   Size     Score Read(GB)  Rn(GB) Rnp1(GB) Write(GB) Wnew(GB) Moved(GB) W-Amp Rd(MB/s) Wr(MB/s) Comp(sec) CompMergeCPU(sec) Comp(cnt) Avg(sec) KeyIn KeyDrop
----------------------------------------------------------------------------------------------------------------------------------------------------------------------------
 Sum      0/0    0.00 KB   0.0      0.0     0.0      0.0       0.0      0.0       0.0   0.0      0.0      0.0      0.00              0.00         0    0.000       0      0
 Int      0/0    0.00 KB   0.0      0.0     0.0      0.0       0.0      0.0       0.0   0.0      0.0      0.0      0.00              0.00         0    0.000       0      0

** Compaction Stats [default] **
Priority    Files   Size     Score Read(GB)  Rn(GB) Rnp1(GB) Write(GB) Wnew(GB) Moved(GB) W-Amp Rd(MB/s) Wr(MB/s) Comp(sec) CompMergeCPU(sec) Comp(cnt) Avg(sec) KeyIn KeyDrop
-------------------------------------------------------------------------------------------------------------------------------------------------------------------------------
Uptime(secs): 603.1 total, 0.0 interval
Flush(GB): cumulative 0.000, interval 0.000
AddFile(GB): cumulative 0.000, interval 0.000
AddFile(Total Files): cumulative 0, interval 0
AddFile(L0 Files): cumulative 0, interval 0
AddFile(Keys): cumulative 0, interval 0
Cumulative compaction: 0.00 GB write, 0.00 MB/s write, 0.00 GB read, 0.00 MB/s read, 0.0 seconds
Interval compaction: 0.00 GB write, 0.00 MB/s write, 0.00 GB read, 0.00 MB/s read, 0.0 seconds
Stalls(count): 0 level0_slowdown, 0 level0_slowdown_with_compaction, 0 level0_numfiles, 0 level0_numfiles_with_compaction, 0 stop for pending_compaction_bytes, 0 slowdown for pending_compaction_bytes, 0 memtable_compaction, 0 memtable_slowdown, interval 0 total count

** File Read Latency Histogram By Level [default] **
2025/05/28-15:04:12.417799 7f6a0bfff700 [db/db_impl/db_impl.cc:902] ------- DUMPING STATS -------
2025/05/28-15:04:12.418469 7f6a0bfff700 [db/db_impl/db_impl.cc:903] 
** DB Stats **
Uptime(secs): 1203.1 total, 600.0 interval
Cumulative writes: 0 writes, 0 keys, 0 commit groups, 0.0 writes per commit group, ingest: 0.00 GB, 0.00 MB/s
Cumulative WAL: 0 writes, 0 syncs, 0.00 writes per sync, written: 0.00 GB, 0.00 MB/s
Cumulative stall: 00:00:0.000 H:M:S, 0.0 percent
Interval writes: 0 writes, 0 keys, 0 commit groups, 0.0 writes per commit group, ingest: 0.00 MB, 0.00 MB/s
Interval WAL: 0 writes, 0 syncs, 0.00 writes per sync, written: 0.00 MB, 0.00 MB/s
Interval stall: 00:00:0.000 H:M:S, 0.0 percent

** Compaction Stats [default] **
Level    Files   Size     Score Read(GB)  Rn(GB) Rnp1(GB) Write(GB) Wnew(GB) Moved(GB) W-Amp Rd(MB/s) Wr(MB/s) Comp(sec) CompMergeCPU(sec) Comp(cnt) Avg(sec) KeyIn KeyDrop
----------------------------------------------------------------------------------------------------------------------------------------------------------------------------
 Sum      0/0    0.00 KB   0.0      0.0     0.0      0.0       0.0      0.0       0.0   0.0      0.0      0.0      0.00              0.00         0    0.000       0      0
 Int      0/0    0.00 KB   0.0      0.0     0.0      0.0       0.0      0.0       0.0   0.0      0.0      0.0      0.00              0.00         0    0.000       0      0

** Compaction Stats [default] **
Priority    Files   Size     Score Read(GB)  Rn(GB) Rnp1(GB) Write(GB) Wnew(GB) Moved(GB) W-Amp Rd(MB/s) Wr(MB/s) Comp(sec) CompMergeCPU(sec) Comp(cnt) Avg(sec) KeyIn KeyDrop
-------------------------------------------------------------------------------------------------------------------------------------------------------------------------------
Uptime(secs): 1203.1 total, 600.0 interval
Flush(GB): cumulative 0.000, interval 0.000
AddFile(GB): cumulative 0.000, interval 0.000
AddFile(Total Files): cumulative 0, interval 0
AddFile(L0 Files): cumulative 0, interval 0
AddFile(Keys): cumulative 0, interval 0
Cumulative compaction: 0.00 GB write, 0.00 MB/s write, 0.00 GB read, 0.00 MB/s read, 0.0 seconds
Interval compaction: 0.00 GB write, 0.00 MB/s write, 0.00 GB read, 0.00 MB/s read, 0.0 seconds
Stalls(count): 0 level0_slowdown, 0 level0_slowdown_with_compaction, 0 level0_numfiles, 0 level0_numfiles_with_compaction, 0 stop for pending_compaction_bytes, 0 slowdown for pending_compaction_bytes, 0 memtable_compaction, 0 memtable_slowdown, interval 0 total count

** File Read Latency Histogram By Level [default] **

** Compaction Stats [default] **
Level    Files   Size     Score Read(GB)  Rn(GB) Rnp1(GB) Write(GB) Wnew(GB) Moved(GB) W-Amp Rd(MB/s) Wr(MB/s) Comp(sec) CompMergeCPU(sec) Comp(cnt) Avg(sec) KeyIn KeyDrop
----------------------------------------------------------------------------------------------------------------------------------------------------------------------------
 Sum      0/0    0.00 KB   0.0      0.0     0.0      0.0       0.0      0.0       0.0   0.0      0.0      0.0      0.00              0.00         0    0.000       0      0
 Int      0/0    0.00 KB   0.0      0.0     0.0      0.0       0.0      0.0       0.0   0.0      0.0      0.0      0.00              0.00         0    0.000       0      0

** Compaction Stats [default] **
Priority    Files   Size     Score Read(GB)  Rn(GB) Rnp1(GB) Write(GB) Wnew(GB) Moved(GB) W-Amp Rd(MB/s) Wr(MB/s) Comp(sec) CompMergeCPU(sec) Comp(cnt) Avg(sec) KeyIn KeyDrop
-------------------------------------------------------------------------------------------------------------------------------------------------------------------------------
Uptime(secs): 1203.1 total, 0.0 interval
Flush(GB): cumulative 0.000, interval 0.000
AddFile(GB): cumulative 0.000, interval 0.000
AddFile(Total Files): cumulative 0, interval 0
AddFile(L0 Files): cumulative 0, interval 0
AddFile(Keys): cumulative 0, interval 0
Cumulative compaction: 0.00 GB write, 0.00 MB/s write, 0.00 GB read, 0.00 MB/s read, 0.0 seconds
Interval compaction: 0.00 GB write, 0.00 MB/s write, 0.00 GB read, 0.00 MB/s read, 0.0 seconds
Stalls(count): 0 level0_slowdown, 0 level0_slowdown_with_compaction, 0 level0_numfiles, 0 level0_numfiles_with_compaction, 0 stop for pending_compaction_bytes, 0 slowdown for pending_compaction_bytes, 0 memtable_compaction, 0 memtable_slowdown, interval 0 total count

** File Read Latency Histogram By Level [default] **
2025/05/28-15:14:12.419809 7f6a0bfff700 [db/db_impl/db_impl.cc:902] ------- DUMPING STATS -------
2025/05/28-15:14:12.421110 7f6a0bfff700 [db/db_impl/db_impl.cc:903] 
** DB Stats **
Uptime(secs): 1803.1 total, 600.0 interval
Cumulative writes: 0 writes, 0 keys, 0 commit groups, 0.0 writes per commit group, ingest: 0.00 GB, 0.00 MB/s
Cumulative WAL: 0 writes, 0 syncs, 0.00 writes per sync, written: 0.00 GB, 0.00 MB/s
Cumulative stall: 00:00:0.000 H:M:S, 0.0 percent
Interval writes: 0 writes, 0 keys, 0 commit groups, 0.0 writes per commit group, ingest: 0.00 MB, 0.00 MB/s
Interval WAL: 0 writes, 0 syncs, 0.00 writes per sync, written: 0.00 MB, 0.00 MB/s
Interval stall: 00:00:0.000 H:M:S, 0.0 percent

** Compaction Stats [default] **
Level    Files   Size     Score Read(GB)  Rn(GB) Rnp1(GB) Write(GB) Wnew(GB) Moved(GB) W-Amp Rd(MB/s) Wr(MB/s) Comp(sec) CompMergeCPU(sec) Comp(cnt) Avg(sec) KeyIn KeyDrop
----------------------------------------------------------------------------------------------------------------------------------------------------------------------------
 Sum      0/0    0.00 KB   0.0      0.0     0.0      0.0       0.0      0.0       0.0   0.0      0.0      0.0      0.00              0.00         0    0.000       0      0
 Int      0/0    0.00 KB   0.0      0.0     0.0      0.0       0.0      0.0       0.0   0.0      0.0      0.0      0.00              0.00         0    0.000       0      0

** Compaction Stats [default] **
Priority    Files   Size     Score Read(GB)  Rn(GB) Rnp1(GB) Write(GB) Wnew(GB) Moved(GB) W-Amp Rd(MB/s) Wr(MB/s) Comp(sec) CompMergeCPU(sec) Comp(cnt) Avg(sec) KeyIn KeyDrop
-------------------------------------------------------------------------------------------------------------------------------------------------------------------------------
Uptime(secs): 1803.1 total, 600.0 interval
Flush(GB): cumulative 0.000, interval 0.000
AddFile(GB): cumulative 0.000, interval 0.000
AddFile(Total Files): cumulative 0, interval 0
AddFile(L0 Files): cumulative 0, interval 0
AddFile(Keys): cumulative 0, interval 0
Cumulative compaction: 0.00 GB write, 0.00 MB/s write, 0.00 GB read, 0.00 MB/s read, 0.0 seconds
Interval compaction: 0.00 GB write, 0.00 MB/s write, 0.00 GB read, 0.00 MB/s read, 0.0 seconds
Stalls(count): 0 level0_slowdown, 0 level0_slowdown_with_compaction, 0 level0_numfiles, 0 level0_numfiles_with_compaction, 0 stop for pending_compaction_bytes, 0 slowdown for pending_compaction_bytes, 0 memtable_compaction, 0 memtable_slowdown, interval 0 total count

** File Read Latency Histogram By Level [default] **

** Compaction Stats [default] **
Level    Files   Size     Score Read(GB)  Rn(GB) Rnp1(GB) Write(GB) Wnew(GB) Moved(GB) W-Amp Rd(MB/s) Wr(MB/s) Comp(sec) CompMergeCPU(sec) Comp(cnt) Avg(sec) KeyIn KeyDrop
----------------------------------------------------------------------------------------------------------------------------------------------------------------------------
 Sum      0/0    0.00 KB   0.0      0.0     0.0      0.0       0.0      0.0       0.0   0.0      0.0      0.0      0.00              0.00         0    0.000       0      0
 Int      0/0    0.00 KB   0.0      0.0     0.0      0.0       0.0      0.0       0.0   0.0      0.0      0.0      0.00              0.00         0    0.000       0      0

** Compaction Stats [default] **
Priority    Files   Size     Score Read(GB)  Rn(GB) Rnp1(GB) Write(GB) Wnew(GB) Moved(GB) W-Amp Rd(MB/s) Wr(MB/s) Comp(sec) CompMergeCPU(sec) Comp(cnt) Avg(sec) KeyIn KeyDrop
-------------------------------------------------------------------------------------------------------------------------------------------------------------------------------
Uptime(secs): 1803.1 total, 0.0 interval
Flush(GB): cumulative 0.000, interval 0.000
AddFile(GB): cumulative 0.000, interval 0.000
AddFile(Total Files): cumulative 0, interval 0
AddFile(L0 Files): cumulative 0, interval 0
AddFile(Keys): cumulative 0, interval 0
Cumulative compaction: 0.00 GB write, 0.00 MB/s write, 0.00 GB read, 0.00 MB/s read, 0.0 seconds
Interval compaction: 0.00 GB write, 0.00 MB/s write, 0.00 GB read, 0.00 MB/s read, 0.0 seconds
Stalls(count): 0 level0_slowdown, 0 level0_slowdown_with_compaction, 0 level0_numfiles, 0 level0_numfiles_with_compaction, 0 stop for pending_compaction_bytes, 0 slowdown for pending_compaction_bytes, 0 memtable_compaction, 0 memtable_slowdown, interval 0 total count

** File Read Latency Histogram By Level [default] **
2025/05/28-15:24:12.422847 7f6a0bfff700 [db/db_impl/db_impl.cc:902] ------- DUMPING STATS -------
2025/05/28-15:24:12.424111 7f6a0bfff700 [db/db_impl/db_impl.cc:903] 
** DB Stats **
Uptime(secs): 2403.1 total, 600.0 interval
Cumulative writes: 0 writes, 0 keys, 0 commit groups, 0.0 writes per commit group, ingest: 0.00 GB, 0.00 MB/s
Cumulative WAL: 0 writes, 0 syncs, 0.00 writes per sync, written: 0.00 GB, 0.00 MB/s
Cumulative stall: 00:00:0.000 H:M:S, 0.0 percent
Interval writes: 0 writes, 0 keys, 0 commit groups, 0.0 writes per commit group, ingest: 0.00 MB, 0.00 MB/s
Interval WAL: 0 writes, 0 syncs, 0.00 writes per sync, written: 0.00 MB, 0.00 MB/s
Interval stall: 00:00:0.000 H:M:S, 0.0 percent

** Compaction Stats [default] **
Level    Files   Size     Score Read(GB)  Rn(GB) Rnp1(GB) Write(GB) Wnew(GB) Moved(GB) W-Amp Rd(MB/s) Wr(MB/s) Comp(sec) CompMergeCPU(sec) Comp(cnt) Avg(sec) KeyIn KeyDrop
----------------------------------------------------------------------------------------------------------------------------------------------------------------------------
 Sum      0/0    0.00 KB   0.0      0.0     0.0      0.0       0.0      0.0       0.0   0.0      0.0      0.0      0.00              0.00         0    0.000       0      0
 Int      0/0    0.00 KB   0.0      0.0     0.0      0.0       0.0      0.0       0.0   0.0      0.0      0.0      0.00              0.00         0    0.000       0      0

** Compaction Stats [default] **
Priority    Files   Size     Score Read(GB)  Rn(GB) Rnp1(GB) Write(GB) Wnew(GB) Moved(GB) W-Amp Rd(MB/s) Wr(MB/s) Comp(sec) CompMergeCPU(sec) Comp(cnt) Avg(sec) KeyIn KeyDrop
-------------------------------------------------------------------------------------------------------------------------------------------------------------------------------
Uptime(secs): 2403.1 total, 600.0 interval
Flush(GB): cumulative 0.000, interval 0.000
AddFile(GB): cumulative 0.000, interval 0.000
AddFile(Total Files): cumulative 0, interval 0
AddFile(L0 Files): cumulative 0, interval 0
AddFile(Keys): cumulative 0, interval 0
Cumulative compaction: 0.00 GB write, 0.00 MB/s write, 0.00 GB read, 0.00 MB/s read, 0.0 seconds
Interval compaction: 0.00 GB write, 0.00 MB/s write, 0.00 GB read, 0.00 MB/s read, 0.0 seconds
Stalls(count): 0 level0_slowdown, 0 level0_slowdown_with_compaction, 0 level0_numfiles, 0 level0_numfiles_with_compaction, 0 stop for pending_compaction_bytes, 0 slowdown for pending_compaction_bytes, 0 memtable_compaction, 0 memtable_slowdown, interval 0 total count

